{
 "cells": [
  {
   "cell_type": "code",
   "execution_count": 1,
   "metadata": {},
   "outputs": [],
   "source": [
    "import numpy as np\n",
    "import scipy\n",
    "import os\n",
    "from os.path import join as joinpath\n",
    "from matplotlib import pyplot as plt\n",
    "import pandas as pd"
   ]
  },
  {
   "cell_type": "code",
   "execution_count": 2,
   "metadata": {},
   "outputs": [],
   "source": [
    "\n",
    "\n",
    "ANALYZED_LAYER = 15\n",
    "LABEL = 6\n",
    "SAMPLE = 392\n",
    "SAMPLE_DIR = f\"/home/szymon/code/PhD/snns_adversarial_benchmark/results/label_{LABEL}/sample_{SAMPLE}\"\n",
    "FILE_NAME_PATTERN = f\"test_{SAMPLE}_label_{LABEL}_spike_layer_{ANALYZED_LAYER}.npy\""
   ]
  },
  {
   "cell_type": "code",
   "execution_count": null,
   "metadata": {},
   "outputs": [],
   "source": [
    "result_dict_raw = {}\n",
    "result_dict_singular = {}\n",
    "for dirname in os.listdir(SAMPLE_DIR):\n",
    "    file_name = joinpath(SAMPLE_DIR, dirname, FILE_NAME_PATTERN)\n",
    "    spike_matrix = np.load(file_name)\n",
    "    result_dict_raw[dirname ] = spike_matrix\n",
    "    u, s, Vt = np.linalg.svd(spike_matrix)\n",
    "    result_dict_singular[dirname] = {\"singular_values\": s, \"left_singular_vectors\": u, \"right_singular_vectors\": Vt}"
   ]
  },
  {
   "cell_type": "code",
   "execution_count": null,
   "metadata": {},
   "outputs": [
    {
     "data": {
      "text/plain": [
       "{'correct_noise_40': {'singular_values': array([8.989113 , 8.86864  , 4.543297 , 4.2600613, 3.9988713, 2.4607356,\n",
       "         1.5420172, 1.3991935, 1.       , 0.6096322], dtype=float32),\n",
       "  'left_singular_vectors': array([[ 9.3605302e-02, -4.4605635e-02,  4.9234290e-02, ...,\n",
       "          -1.3371405e-01,  0.0000000e+00,  8.8457055e-05],\n",
       "         [ 0.0000000e+00,  0.0000000e+00,  0.0000000e+00, ...,\n",
       "           0.0000000e+00,  0.0000000e+00,  0.0000000e+00],\n",
       "         [ 1.2192633e-01, -5.8671117e-02, -8.0654204e-02, ...,\n",
       "           1.3213257e-03,  0.0000000e+00,  4.9343391e-05],\n",
       "         ...,\n",
       "         [ 3.7090156e-02,  7.8030653e-02,  4.4589546e-02, ...,\n",
       "           9.6929407e-01,  0.0000000e+00, -1.0827188e-02],\n",
       "         [ 0.0000000e+00,  0.0000000e+00,  0.0000000e+00, ...,\n",
       "           0.0000000e+00,  1.0000000e+00,  0.0000000e+00],\n",
       "         [ 3.7362601e-04,  8.5688831e-04, -3.2017680e-03, ...,\n",
       "          -1.0837380e-02,  0.0000000e+00,  4.9029627e-01]], dtype=float32),\n",
       "  'right_singular_vectors': array([[ 3.33407611e-01,  1.39102293e-02,  1.98872507e-01,\n",
       "           8.41428638e-01,  7.76056722e-02,  3.35856644e-03,\n",
       "           2.54580915e-01,  0.00000000e+00,  2.64668971e-01,\n",
       "           1.40845338e-02],\n",
       "         [ 6.92025781e-01, -6.78932294e-03, -9.73318145e-02,\n",
       "          -3.95591319e-01, -9.79188643e-03,  7.59943388e-03,\n",
       "          -1.24741673e-01,  0.00000000e+00,  5.82517684e-01,\n",
       "          -6.87675457e-03],\n",
       "         [ 2.02583551e-01, -1.97107866e-02, -3.91714156e-01,\n",
       "           2.23685995e-01,  5.76782167e-01, -1.45465825e-02,\n",
       "          -5.90121984e-01,  0.00000000e+00, -2.71170795e-01,\n",
       "          -2.07143109e-02],\n",
       "         [-5.33149481e-01, -1.20659135e-02, -2.55881011e-01,\n",
       "           2.08025232e-01, -1.76699340e-01,  3.97565030e-02,\n",
       "          -4.02163416e-01,  0.00000000e+00,  6.41992807e-01,\n",
       "          -1.27695417e-02],\n",
       "         [-2.89919704e-01,  8.53643846e-03,  1.93888426e-01,\n",
       "          -2.02907160e-01,  7.93605506e-01,  2.29559019e-02,\n",
       "           3.21770787e-01,  0.00000000e+00,  3.21175396e-01,\n",
       "           9.10587795e-03],\n",
       "         [-1.97704197e-04,  1.44814804e-01, -8.16638350e-01,\n",
       "           2.84275040e-02, -1.18664466e-02,  3.93260707e-05,\n",
       "           5.30181706e-01,  0.00000000e+00,  1.59475836e-04,\n",
       "           1.73461393e-01],\n",
       "         [-1.68504499e-04, -4.88320291e-01, -1.64009348e-01,\n",
       "           1.43115604e-02, -4.55895253e-03,  3.09225143e-04,\n",
       "           1.55608699e-01,  2.22044605e-16,  1.16830495e-04,\n",
       "          -8.42736244e-01],\n",
       "         [ 2.44489219e-02,  1.30337838e-04,  1.78219241e-04,\n",
       "          -1.83993077e-04, -2.99071847e-03,  9.98805165e-01,\n",
       "           4.23967176e-05,  8.67361738e-19, -4.22070548e-02,\n",
       "           2.66426447e-04],\n",
       "         [-0.00000000e+00, -0.00000000e+00, -0.00000000e+00,\n",
       "           0.00000000e+00,  0.00000000e+00,  0.00000000e+00,\n",
       "           0.00000000e+00, -1.00000000e+00,  0.00000000e+00,\n",
       "           0.00000000e+00],\n",
       "         [-4.51086744e-05, -8.60072911e-01, -2.59064957e-02,\n",
       "           3.33366031e-03, -9.40421829e-04, -1.97805111e-05,\n",
       "           2.83818673e-02,  0.00000000e+00,  3.22095693e-05,\n",
       "           5.08710086e-01]], dtype=float32)},\n",
       " 'correct_noise_20': {'singular_values': array([1.0316026e+01, 7.0697098e+00, 5.1478157e+00, 4.4250631e+00,\n",
       "         4.1685085e+00, 3.0514853e+00, 2.7981429e+00, 1.9021131e+00,\n",
       "         1.1755705e+00, 2.3050318e-17], dtype=float32),\n",
       "  'left_singular_vectors': array([[-6.70119822e-02, -1.44453198e-02, -1.46856397e-01, ...,\n",
       "           0.00000000e+00,  0.00000000e+00,  0.00000000e+00],\n",
       "         [-1.96435411e-16,  4.59430671e-17, -1.00735934e-16, ...,\n",
       "           0.00000000e+00,  0.00000000e+00,  0.00000000e+00],\n",
       "         [-1.58010378e-01,  7.64936060e-02, -4.19566315e-03, ...,\n",
       "           0.00000000e+00,  0.00000000e+00,  0.00000000e+00],\n",
       "         ...,\n",
       "         [ 0.00000000e+00,  0.00000000e+00,  0.00000000e+00, ...,\n",
       "           1.00000000e+00,  0.00000000e+00,  0.00000000e+00],\n",
       "         [ 0.00000000e+00,  0.00000000e+00,  0.00000000e+00, ...,\n",
       "           0.00000000e+00,  1.00000000e+00,  0.00000000e+00],\n",
       "         [ 0.00000000e+00,  0.00000000e+00,  0.00000000e+00, ...,\n",
       "           0.00000000e+00,  0.00000000e+00,  1.00000000e+00]], dtype=float32),\n",
       "  'right_singular_vectors': array([[-0.0000000e+00, -5.9163958e-01, -1.4157702e-01, -5.4972023e-01,\n",
       "          -2.0686753e-01, -4.8867920e-01, -2.0779338e-01,  0.0000000e+00,\n",
       "           0.0000000e+00, -5.4282445e-02],\n",
       "         [-0.0000000e+00, -1.3463359e-01, -4.8378184e-01,  3.8165763e-01,\n",
       "          -3.5231069e-01,  2.9376358e-01, -6.2394506e-01,  0.0000000e+00,\n",
       "           0.0000000e+00, -4.9386930e-02],\n",
       "         [-0.0000000e+00,  4.4539601e-01, -6.9279867e-01, -6.3190974e-02,\n",
       "           3.3620021e-01, -4.0380353e-01,  3.8306836e-02,  0.0000000e+00,\n",
       "           0.0000000e+00, -2.0025980e-01],\n",
       "         [-0.0000000e+00,  1.4126912e-01, -1.1715379e-01, -1.0977551e-01,\n",
       "           4.6471417e-02, -7.8055717e-02, -1.4589988e-01,  4.4408921e-16,\n",
       "           0.0000000e+00,  9.6162796e-01],\n",
       "         [ 0.0000000e+00, -3.1657580e-01,  1.1674779e-02,  7.2392315e-01,\n",
       "          -2.7305702e-02, -5.4381680e-01,  2.5148532e-01,  4.3576254e-15,\n",
       "           0.0000000e+00,  1.2590292e-01],\n",
       "         [-0.0000000e+00, -2.3150511e-02,  3.7205595e-01,  1.0967801e-01,\n",
       "           6.2372845e-01, -1.8251662e-01, -6.4802092e-01,  0.0000000e+00,\n",
       "           0.0000000e+00, -8.2027569e-02],\n",
       "         [ 0.0000000e+00,  5.5923671e-01,  3.3712626e-01,  2.7112560e-03,\n",
       "          -5.7280892e-01, -4.2035291e-01, -2.4816175e-01,  5.5511151e-17,\n",
       "           0.0000000e+00, -8.4864520e-02],\n",
       "         [-8.5065079e-01,  0.0000000e+00,  0.0000000e+00,  0.0000000e+00,\n",
       "           0.0000000e+00,  0.0000000e+00,  0.0000000e+00,  0.0000000e+00,\n",
       "          -5.2573109e-01,  0.0000000e+00],\n",
       "         [ 5.2573109e-01,  0.0000000e+00,  0.0000000e+00,  0.0000000e+00,\n",
       "           0.0000000e+00,  0.0000000e+00,  0.0000000e+00,  0.0000000e+00,\n",
       "          -8.5065079e-01,  0.0000000e+00],\n",
       "         [-0.0000000e+00, -1.3024855e-15, -0.0000000e+00,  3.1105428e-15,\n",
       "          -1.6788974e-16, -2.4110473e-15,  1.0671442e-15, -1.0000000e+00,\n",
       "           0.0000000e+00,  9.5611459e-16]], dtype=float32)},\n",
       " 'incorrect_noise_60': {'singular_values': array([1.0913353e+01, 7.6060891e+00, 5.7297316e+00, 5.3713260e+00,\n",
       "         4.3118620e+00, 3.1444376e+00, 1.9917148e+00, 1.7152520e+00,\n",
       "         9.8818147e-01, 5.1871219e-17], dtype=float32),\n",
       "  'left_singular_vectors': array([[-2.66790041e-04,  1.09509721e-01,  3.53822820e-02, ...,\n",
       "          -1.15060352e-01,  0.00000000e+00,  3.98565608e-04],\n",
       "         [ 0.00000000e+00,  0.00000000e+00,  0.00000000e+00, ...,\n",
       "           0.00000000e+00,  0.00000000e+00,  0.00000000e+00],\n",
       "         [-2.66790041e-04,  1.09509721e-01,  3.53822820e-02, ...,\n",
       "           3.51814367e-03,  0.00000000e+00, -2.67794603e-05],\n",
       "         ...,\n",
       "         [-6.04036748e-02,  2.05876585e-03, -1.22985184e-01, ...,\n",
       "           9.78754520e-01,  0.00000000e+00, -2.14642333e-03],\n",
       "         [ 0.00000000e+00,  0.00000000e+00,  0.00000000e+00, ...,\n",
       "           0.00000000e+00,  1.00000000e+00,  0.00000000e+00],\n",
       "         [-4.93581058e-04, -5.87636423e-05,  3.36703821e-03, ...,\n",
       "          -2.16838811e-03,  0.00000000e+00,  7.48191535e-01]], dtype=float32),\n",
       "  'right_singular_vectors': array([[-6.59206688e-01, -2.46531963e-05, -1.23431080e-03,\n",
       "          -2.91157421e-03, -1.63895469e-02, -5.38662449e-03,\n",
       "          -4.25020635e-01,  0.00000000e+00, -6.20007396e-01,\n",
       "          -9.33863316e-03],\n",
       "         [ 1.56591572e-02,  1.46508841e-02,  1.88245669e-01,\n",
       "           8.32940638e-01,  5.19129634e-01, -4.46961465e-04,\n",
       "          -1.54412128e-02,  0.00000000e+00, -2.40700319e-02,\n",
       "           3.97325812e-06],\n",
       "         [-7.04672098e-01,  6.36921450e-03, -2.87552495e-02,\n",
       "           2.02730983e-01, -2.59336084e-01,  1.92922261e-02,\n",
       "           2.90345788e-01,  0.00000000e+00,  5.56191504e-01,\n",
       "          -1.38896657e-02],\n",
       "         [ 2.53237903e-01,  1.82433166e-02, -1.44167826e-01,\n",
       "           5.08097231e-01, -7.82567918e-01, -7.69021455e-03,\n",
       "          -8.69151056e-02,  0.00000000e+00, -1.91110596e-01,\n",
       "           6.43386692e-03],\n",
       "         [-6.35018870e-02, -2.39000947e-04,  4.90400195e-03,\n",
       "          -4.20454191e-03,  8.22217017e-03, -3.54173034e-02,\n",
       "           8.51441383e-01,  0.00000000e+00, -5.16814828e-01,\n",
       "           5.05343564e-02],\n",
       "         [ 1.31637901e-02, -8.97978339e-03,  9.71004069e-01,\n",
       "          -7.98077062e-02, -2.24630371e-01, -9.12828313e-04,\n",
       "          -6.19839178e-03,  0.00000000e+00, -5.37426490e-03,\n",
       "           1.01131201e-03],\n",
       "         [ 9.35139880e-03,  4.20755860e-05,  5.63605805e-04,\n",
       "           1.24835235e-04, -7.53785367e-04,  9.98729527e-01,\n",
       "           2.03727428e-02, -1.11022302e-16, -3.30300964e-02,\n",
       "           3.07408050e-02],\n",
       "         [-1.46929407e-02, -9.91606939e-05, -7.33443128e-04,\n",
       "          -1.92578969e-04,  1.11413363e-03, -2.86987796e-02,\n",
       "          -4.31065410e-02,  0.00000000e+00,  3.03607322e-02,\n",
       "           9.98087525e-01],\n",
       "         [-2.76275765e-04,  9.99665558e-01,  8.77866894e-03,\n",
       "          -2.34895442e-02,  6.30937563e-03, -3.77080214e-05,\n",
       "           9.48298330e-05,  4.44089210e-16,  1.14010101e-04,\n",
       "           8.96694692e-05],\n",
       "         [ 0.00000000e+00,  4.32542430e-16, -3.84965026e-17,\n",
       "          -7.60255497e-18,  1.37037614e-17,  8.70257466e-17,\n",
       "          -4.88277271e-18, -1.00000000e+00,  1.89965605e-18,\n",
       "           2.81738312e-17]], dtype=float32)},\n",
       " 'correct_noise_50': {'singular_values': array([8.9585762e+00, 8.5498381e+00, 5.7395315e+00, 4.8141060e+00,\n",
       "         4.2825584e+00, 3.1025915e+00, 2.4169290e+00, 1.4041692e+00,\n",
       "         1.3216364e+00, 2.3226512e-16], dtype=float32),\n",
       "  'left_singular_vectors': array([[ 8.5299641e-02, -8.8870836e-17,  4.1328993e-02, ...,\n",
       "           0.0000000e+00,  0.0000000e+00,  0.0000000e+00],\n",
       "         [ 1.5751947e-16,  1.7212413e-18, -6.2279752e-17, ...,\n",
       "           0.0000000e+00,  0.0000000e+00,  0.0000000e+00],\n",
       "         [ 1.5115701e-01, -8.4834730e-17, -5.3265404e-02, ...,\n",
       "           0.0000000e+00,  0.0000000e+00,  0.0000000e+00],\n",
       "         ...,\n",
       "         [ 0.0000000e+00,  0.0000000e+00,  0.0000000e+00, ...,\n",
       "           1.0000000e+00,  0.0000000e+00,  0.0000000e+00],\n",
       "         [ 0.0000000e+00,  0.0000000e+00,  0.0000000e+00, ...,\n",
       "           0.0000000e+00,  1.0000000e+00,  0.0000000e+00],\n",
       "         [ 0.0000000e+00,  0.0000000e+00,  0.0000000e+00, ...,\n",
       "           0.0000000e+00,  0.0000000e+00,  1.0000000e+00]], dtype=float32),\n",
       "  'right_singular_vectors': array([[-1.8218277e-15,  7.0201778e-01,  1.1202950e-01,  6.5213382e-01,\n",
       "           2.6332855e-01, -2.2204460e-16,  5.5511151e-16, -7.2424705e-17,\n",
       "          -9.4368957e-16, -3.0531133e-15],\n",
       "         [-2.7878677e-02, -4.4408921e-16,  0.0000000e+00, -3.6082248e-16,\n",
       "          -1.5083366e-16,  1.9721523e-31, -5.3998411e-01, -1.1827962e-02,\n",
       "          -8.4096485e-01, -1.6677387e-02],\n",
       "         [-7.9370825e-18,  1.9571516e-01,  7.3864269e-01, -5.0143361e-01,\n",
       "           4.0579170e-01, -1.1102230e-16, -3.8857806e-16, -7.1991024e-17,\n",
       "           1.6653345e-16,  2.2204460e-16],\n",
       "         [-6.7915714e-18, -4.4409949e-01,  6.5236127e-01,  5.0635105e-01,\n",
       "          -3.4757590e-01, -3.1918912e-16, -1.6653345e-16, -2.0816682e-17,\n",
       "           8.3266727e-17, -5.5511151e-17],\n",
       "         [-9.0809382e-02,  1.6653345e-16, -3.3306691e-16,  2.2204460e-16,\n",
       "          -2.0407560e-17,  7.8886091e-31, -8.2708442e-01,  3.2823693e-02,\n",
       "           5.3634924e-01, -1.3761209e-01],\n",
       "         [-8.1342005e-18,  5.2119315e-01,  1.2759767e-01, -2.5863945e-01,\n",
       "          -8.0323231e-01, -3.9898640e-17,  0.0000000e+00,  2.8059152e-16,\n",
       "          -2.7755576e-17,  5.5511151e-17],\n",
       "         [-5.0893116e-01, -2.4980018e-15, -2.2204460e-16, -2.3869795e-15,\n",
       "          -9.0672198e-16, -4.3387350e-30,  1.5366006e-01, -1.6871421e-02,\n",
       "          -6.4812340e-02, -8.4432954e-01],\n",
       "         [-4.1083634e-02, -2.6020852e-17,  1.5612511e-17, -3.4694470e-18,\n",
       "           3.8715317e-19,  2.3728936e-27,  2.3918957e-02,  9.9840510e-01,\n",
       "          -2.8263550e-02,  1.1336147e-02],\n",
       "         [-8.5456282e-01, -5.5511151e-17, -5.5511151e-17,  2.7755576e-17,\n",
       "          -8.5635593e-18, -1.1832914e-28,  1.2843991e-02, -4.1053351e-02,\n",
       "           1.0397871e-02,  5.1745909e-01],\n",
       "         [-6.9647615e-30, -1.2952602e-16,  1.3093100e-16, -1.4804712e-16,\n",
       "          -5.2061537e-17,  1.0000000e+00, -5.1325263e-29, -2.2518597e-27,\n",
       "           6.4298327e-29,  2.9631588e-29]], dtype=float32)},\n",
       " 'incorrect_noise_50': {'singular_values': array([9.4321842e+00, 6.9855027e+00, 5.8037090e+00, 3.8967030e+00,\n",
       "         3.5338256e+00, 2.2735345e+00, 1.9583112e+00, 1.5800205e+00,\n",
       "         6.1724079e-01, 9.3822240e-17], dtype=float32),\n",
       "  'left_singular_vectors': array([[ 8.2045934e-17, -5.7974066e-18, -1.1357979e-16, ...,\n",
       "          -1.3600489e-01,  0.0000000e+00,  4.0646581e-04],\n",
       "         [-1.1694594e-17,  5.3944439e-18,  2.6123377e-18, ...,\n",
       "           6.2076654e-02,  0.0000000e+00,  2.3160540e-04],\n",
       "         [-1.5803014e-03, -1.3923386e-01,  8.0198850e-03, ...,\n",
       "           5.7904102e-04,  0.0000000e+00,  3.0223967e-03],\n",
       "         ...,\n",
       "         [-6.5066524e-02, -4.3225172e-03, -1.3331260e-01, ...,\n",
       "           9.7576678e-01,  0.0000000e+00, -5.2254869e-05],\n",
       "         [ 0.0000000e+00,  0.0000000e+00,  0.0000000e+00, ...,\n",
       "           0.0000000e+00,  1.0000000e+00,  0.0000000e+00],\n",
       "         [-4.3641972e-05, -8.6452095e-03,  9.4075018e-04, ...,\n",
       "          -7.3212082e-05,  0.0000000e+00,  8.1570983e-01]], dtype=float32),\n",
       "  'right_singular_vectors': array([[-6.1371946e-01, -7.3268223e-01, -1.7336771e-04, -1.4469017e-03,\n",
       "          -1.4905695e-02,  1.6940659e-21, -4.1163914e-04, -3.1692676e-02,\n",
       "          -2.9205501e-01, -3.4478671e-04],\n",
       "         [-3.0194955e-02,  4.1378267e-02, -2.1227987e-02, -2.1311247e-01,\n",
       "          -9.7261840e-01, -1.7347235e-18, -6.0391136e-02,  4.9928570e-04,\n",
       "           1.0433720e-02, -4.2020950e-02],\n",
       "         [-7.7370751e-01,  6.2987542e-01,  1.5154982e-03,  1.9351602e-02,\n",
       "           4.6545077e-02,  0.0000000e+00,  5.4598404e-03, -9.6911984e-03,\n",
       "           4.4247273e-02,  2.9860034e-03],\n",
       "         [ 6.4242063e-03, -7.5474372e-03, -1.7993581e-02,  9.3948138e-01,\n",
       "          -2.2042412e-01,  3.3306691e-16,  2.5887626e-01, -2.0085854e-04,\n",
       "           1.1738786e-02, -3.4802150e-02],\n",
       "         [-1.4858906e-01, -2.5096971e-01,  6.8066188e-04, -1.0534388e-02,\n",
       "           6.5125730e-03,  2.0816682e-17, -2.8634770e-03, -9.4147593e-02,\n",
       "           9.5179200e-01,  1.3068182e-03],\n",
       "         [-4.0917435e-05,  1.1896742e-05,  6.3576718e-04,  2.6602939e-01,\n",
       "           1.5019504e-03, -1.0842022e-16, -9.6396285e-01, -4.9652175e-05,\n",
       "           2.3836390e-05,  1.1485373e-03],\n",
       "         [ 4.1124608e-02,  4.0971901e-02, -8.6935132e-04,  5.0301530e-04,\n",
       "          -9.5258310e-04,  1.0408341e-17,  1.8296408e-04, -9.9500507e-01,\n",
       "          -8.1183039e-02, -1.5120129e-03],\n",
       "         [-1.4727036e-03,  2.9761801e-04, -5.2914131e-01, -2.6346078e-02,\n",
       "           5.4485019e-02, -1.6653345e-16, -8.5433153e-03,  1.5630970e-03,\n",
       "           8.5349241e-04, -8.4632635e-01],\n",
       "         [ 1.1977973e-04, -2.9351642e-05, -8.4807497e-01,  2.0649303e-03,\n",
       "          -4.8792660e-03, -1.5265567e-16,  6.3422893e-04, -4.9973885e-05,\n",
       "          -5.6832152e-05,  5.2984941e-01],\n",
       "         [-3.7147883e-19,  1.5884304e-18, -1.3690611e-16, -6.6027019e-17,\n",
       "           2.5703751e-17,  1.0000000e+00, -5.6751234e-17,  1.2424367e-17,\n",
       "          -5.2780736e-18, -8.8238493e-17]], dtype=float32)},\n",
       " 'correct_noise_10': {'singular_values': array([11.336778 ,  7.2732277,  5.125226 ,  4.482551 ,  3.8180785,\n",
       "          3.0174942,  2.7077148,  2.0498097,  1.7320508,  0.       ],\n",
       "        dtype=float32),\n",
       "  'left_singular_vectors': array([[-5.4972656e-02,  2.7826792e-02, -1.5008216e-01, ...,\n",
       "           0.0000000e+00,  0.0000000e+00,  0.0000000e+00],\n",
       "         [-1.9323259e-16, -1.4193963e-17, -1.0960571e-16, ...,\n",
       "           0.0000000e+00,  0.0000000e+00,  0.0000000e+00],\n",
       "         [-1.7084481e-01, -6.0145807e-02, -8.6802253e-03, ...,\n",
       "           0.0000000e+00,  0.0000000e+00,  0.0000000e+00],\n",
       "         ...,\n",
       "         [ 0.0000000e+00,  0.0000000e+00,  0.0000000e+00, ...,\n",
       "           1.0000000e+00,  0.0000000e+00,  0.0000000e+00],\n",
       "         [ 0.0000000e+00,  0.0000000e+00,  0.0000000e+00, ...,\n",
       "           0.0000000e+00,  1.0000000e+00,  0.0000000e+00],\n",
       "         [ 0.0000000e+00,  0.0000000e+00,  0.0000000e+00, ...,\n",
       "           0.0000000e+00,  0.0000000e+00,  1.0000000e+00]], dtype=float32),\n",
       "  'right_singular_vectors': array([[-0.        , -0.520209  , -0.09868443, -0.5245283 , -0.16144742,\n",
       "          -0.4392353 , -0.14103237, -0.45285696,  0.        , -0.02348459],\n",
       "         [ 0.        ,  0.23728105,  0.4816257 , -0.2792351 ,  0.37484658,\n",
       "          -0.16586034,  0.63716763, -0.22963977,  0.        ,  0.08381841],\n",
       "         [-0.        ,  0.43485746, -0.69018215, -0.07902277,  0.33837447,\n",
       "          -0.45728195,  0.03055665,  0.05695913,  0.        , -0.0228228 ],\n",
       "         [-0.        ,  0.34335318, -0.2054137 , -0.3147063 ,  0.0311201 ,\n",
       "           0.6305778 , -0.17203121, -0.55689275,  0.        ,  0.05052413],\n",
       "         [-0.        , -0.19577405, -0.22363111,  0.6749898 , -0.03010194,\n",
       "          -0.03202043,  0.34995893, -0.5718694 ,  0.        , -0.0679203 ],\n",
       "         [-0.        , -0.14705862,  0.2403225 ,  0.22358139,  0.7203887 ,\n",
       "          -0.07210514, -0.54873735, -0.16536276,  0.        ,  0.13421504],\n",
       "         [-0.        ,  0.52513206,  0.3134155 ,  0.18963532, -0.4447755 ,\n",
       "          -0.401449  , -0.31811148, -0.25725725,  0.        ,  0.2523544 ],\n",
       "         [ 0.        ,  0.17427137,  0.18373029,  0.00719188,  0.01636428,\n",
       "          -0.07376871, -0.13718595, -0.0908381 ,  0.        , -0.95028406],\n",
       "         [-1.        , -0.        , -0.        , -0.        ,  0.        ,\n",
       "           0.        ,  0.        , -0.        ,  0.        ,  0.        ],\n",
       "         [ 0.        ,  0.        ,  0.        ,  0.        ,  0.        ,\n",
       "           0.        ,  0.        ,  0.        , -1.        ,  0.        ]],\n",
       "        dtype=float32)},\n",
       " 'correct_original': {'singular_values': array([[1.7320508, 1.4142135],\n",
       "         [1.4142135, 0.       ],\n",
       "         [2.2882457, 0.874032 ],\n",
       "         ...,\n",
       "         [0.       , 0.       ],\n",
       "         [0.       , 0.       ],\n",
       "         [1.       , 0.       ]], dtype=float32),\n",
       "  'left_singular_vectors': array([[[ 0.        ,  0.        ,  0.        , ..., -0.70710677,\n",
       "            0.        ,  0.        ],\n",
       "          [ 0.        ,  0.        , -0.57735026, ...,  0.        ,\n",
       "           -0.57735026,  0.        ],\n",
       "          [-0.57735026,  0.        ,  0.6666667 , ...,  0.        ,\n",
       "           -0.33333334,  0.        ],\n",
       "          ...,\n",
       "          [ 0.        , -0.70710677,  0.        , ...,  0.5       ,\n",
       "            0.        ,  0.        ],\n",
       "          [-0.57735026,  0.        , -0.33333334, ...,  0.        ,\n",
       "            0.6666667 ,  0.        ],\n",
       "          [ 0.        ,  0.        ,  0.        , ...,  0.        ,\n",
       "            0.        ,  1.        ]],\n",
       "  \n",
       "         [[ 0.        ,  1.        ,  0.        , ...,  0.        ,\n",
       "            0.        ,  0.        ],\n",
       "          [ 0.        ,  0.        ,  0.        , ...,  0.        ,\n",
       "            0.        , -0.70710677],\n",
       "          [ 0.        ,  0.        ,  1.        , ...,  0.        ,\n",
       "            0.        ,  0.        ],\n",
       "          ...,\n",
       "          [ 0.        ,  0.        ,  0.        , ...,  1.        ,\n",
       "            0.        ,  0.        ],\n",
       "          [ 0.        ,  0.        ,  0.        , ...,  0.        ,\n",
       "            1.        ,  0.        ],\n",
       "          [-0.70710677,  0.        ,  0.        , ...,  0.        ,\n",
       "            0.        ,  0.5       ]],\n",
       "  \n",
       "         [[-0.4253254 , -0.26286554,  0.        , ...,  0.        ,\n",
       "           -0.16666667,  0.        ],\n",
       "          [-0.4253254 , -0.26286554,  0.        , ...,  0.        ,\n",
       "           -0.5       ,  0.        ],\n",
       "          [ 0.        ,  0.        ,  1.        , ...,  0.        ,\n",
       "            0.        ,  0.        ],\n",
       "          ...,\n",
       "          [ 0.        ,  0.        ,  0.        , ...,  1.        ,\n",
       "            0.        ,  0.        ],\n",
       "          [-0.4253254 , -0.26286554,  0.        , ...,  0.        ,\n",
       "            0.8333333 ,  0.        ],\n",
       "          [ 0.        ,  0.        ,  0.        , ...,  0.        ,\n",
       "            0.        ,  1.        ]],\n",
       "  \n",
       "         ...,\n",
       "  \n",
       "         [[ 1.        ,  0.        ,  0.        , ...,  0.        ,\n",
       "            0.        ,  0.        ],\n",
       "          [ 0.        ,  1.        ,  0.        , ...,  0.        ,\n",
       "            0.        ,  0.        ],\n",
       "          [ 0.        ,  0.        ,  1.        , ...,  0.        ,\n",
       "            0.        ,  0.        ],\n",
       "          ...,\n",
       "          [ 0.        ,  0.        ,  0.        , ...,  1.        ,\n",
       "            0.        ,  0.        ],\n",
       "          [ 0.        ,  0.        ,  0.        , ...,  0.        ,\n",
       "            1.        ,  0.        ],\n",
       "          [ 0.        ,  0.        ,  0.        , ...,  0.        ,\n",
       "            0.        ,  1.        ]],\n",
       "  \n",
       "         [[ 1.        ,  0.        ,  0.        , ...,  0.        ,\n",
       "            0.        ,  0.        ],\n",
       "          [ 0.        ,  1.        ,  0.        , ...,  0.        ,\n",
       "            0.        ,  0.        ],\n",
       "          [ 0.        ,  0.        ,  1.        , ...,  0.        ,\n",
       "            0.        ,  0.        ],\n",
       "          ...,\n",
       "          [ 0.        ,  0.        ,  0.        , ...,  1.        ,\n",
       "            0.        ,  0.        ],\n",
       "          [ 0.        ,  0.        ,  0.        , ...,  0.        ,\n",
       "            1.        ,  0.        ],\n",
       "          [ 0.        ,  0.        ,  0.        , ...,  0.        ,\n",
       "            0.        ,  1.        ]],\n",
       "  \n",
       "         [[ 0.        ,  1.        ,  0.        , ...,  0.        ,\n",
       "            0.        ,  0.        ],\n",
       "          [ 0.        ,  0.        ,  0.        , ...,  0.        ,\n",
       "            0.        ,  0.        ],\n",
       "          [ 0.        ,  0.        ,  1.        , ...,  0.        ,\n",
       "            0.        ,  0.        ],\n",
       "          ...,\n",
       "          [ 0.        ,  0.        ,  0.        , ...,  1.        ,\n",
       "            0.        ,  0.        ],\n",
       "          [ 0.        ,  0.        ,  0.        , ...,  0.        ,\n",
       "            1.        ,  0.        ],\n",
       "          [ 0.        ,  0.        ,  0.        , ...,  0.        ,\n",
       "            0.        ,  1.        ]]], dtype=float32),\n",
       "  'right_singular_vectors': array([[[-0.        , -1.        ],\n",
       "          [-1.        , -0.        ]],\n",
       "  \n",
       "         [[-0.        , -1.        ],\n",
       "          [ 1.        ,  0.        ]],\n",
       "  \n",
       "         [[-0.22975291, -0.973249  ],\n",
       "          [ 0.973249  , -0.22975291]],\n",
       "  \n",
       "         ...,\n",
       "  \n",
       "         [[ 1.        ,  0.        ],\n",
       "          [ 0.        ,  1.        ]],\n",
       "  \n",
       "         [[ 1.        ,  0.        ],\n",
       "          [ 0.        ,  1.        ]],\n",
       "  \n",
       "         [[-0.        , -1.        ],\n",
       "          [ 1.        ,  0.        ]]], dtype=float32)},\n",
       " 'correct_noise_30': {'singular_values': array([9.0265894e+00, 6.7240763e+00, 5.7641034e+00, 4.8178101e+00,\n",
       "         3.1168861e+00, 2.3823938e+00, 1.6693701e+00, 1.3014319e+00,\n",
       "         5.0518481e-17, 4.6470425e-20], dtype=float32),\n",
       "  'left_singular_vectors': array([[-8.3968915e-02, -5.7052440e-17, -3.8612340e-02, ...,\n",
       "           0.0000000e+00,  0.0000000e+00,  0.0000000e+00],\n",
       "         [-1.5580875e-16, -3.9722305e-34,  6.4452431e-17, ...,\n",
       "           0.0000000e+00,  0.0000000e+00,  0.0000000e+00],\n",
       "         [-1.4855687e-01,  2.8407467e-33,  5.6646194e-02, ...,\n",
       "           0.0000000e+00,  0.0000000e+00,  0.0000000e+00],\n",
       "         ...,\n",
       "         [ 0.0000000e+00,  0.0000000e+00,  0.0000000e+00, ...,\n",
       "           1.0000000e+00,  0.0000000e+00,  0.0000000e+00],\n",
       "         [ 0.0000000e+00,  0.0000000e+00,  0.0000000e+00, ...,\n",
       "           0.0000000e+00,  1.0000000e+00,  0.0000000e+00],\n",
       "         [ 0.0000000e+00,  0.0000000e+00,  0.0000000e+00, ...,\n",
       "           0.0000000e+00,  0.0000000e+00,  1.0000000e+00]], dtype=float32),\n",
       "  'right_singular_vectors': array([[-0.0000000e+00, -6.9744438e-01, -1.1443545e-01, -6.4351743e-01,\n",
       "          -2.6484373e-01, -2.7755576e-17, -1.2627022e-01,  0.0000000e+00,\n",
       "           0.0000000e+00, -1.6575750e-02],\n",
       "         [-7.0889018e-02,  0.0000000e+00,  0.0000000e+00,  0.0000000e+00,\n",
       "           0.0000000e+00,  0.0000000e+00,  0.0000000e+00,  0.0000000e+00,\n",
       "          -9.9748421e-01,  0.0000000e+00],\n",
       "         [-0.0000000e+00, -1.8302320e-01, -7.3210323e-01,  5.0953770e-01,\n",
       "          -4.0149176e-01, -5.5511151e-17, -7.1365215e-02,  0.0000000e+00,\n",
       "           0.0000000e+00, -6.7897335e-02],\n",
       "         [-0.0000000e+00,  4.3856889e-01, -6.5429896e-01, -5.0787759e-01,\n",
       "           3.4610164e-01,  0.0000000e+00,  3.5987206e-02,  0.0000000e+00,\n",
       "           0.0000000e+00, -2.3003789e-02],\n",
       "         [-0.0000000e+00,  5.3487206e-01,  1.3425428e-01, -2.5310186e-01,\n",
       "          -7.8133827e-01,  1.1102230e-16, -1.4519925e-01,  0.0000000e+00,\n",
       "           0.0000000e+00, -1.5963353e-02],\n",
       "         [-0.0000000e+00, -4.0491629e-02, -3.5872880e-02, -6.2220309e-02,\n",
       "          -1.9591926e-01, -5.8286709e-16,  9.6087766e-01,  0.0000000e+00,\n",
       "           0.0000000e+00,  1.7757246e-01],\n",
       "         [ 9.9748421e-01,  0.0000000e+00,  0.0000000e+00,  0.0000000e+00,\n",
       "           0.0000000e+00,  0.0000000e+00,  0.0000000e+00,  0.0000000e+00,\n",
       "          -7.0889018e-02,  0.0000000e+00],\n",
       "         [-0.0000000e+00, -1.8648588e-03,  5.9255503e-02, -1.9623075e-02,\n",
       "           1.3977139e-03, -1.1102230e-16,  1.8248034e-01,  0.0000000e+00,\n",
       "           0.0000000e+00, -9.8122334e-01],\n",
       "         [ 0.0000000e+00,  3.8817230e-17,  0.0000000e+00, -1.3657594e-16,\n",
       "          -9.7485750e-17,  8.7307787e-01,  5.1765566e-16, -4.8758078e-01,\n",
       "           0.0000000e+00, -2.5395350e-16],\n",
       "         [ 0.0000000e+00,  1.8640219e-17,  0.0000000e+00, -7.2648123e-17,\n",
       "          -7.3782122e-17,  4.8758078e-01,  3.4508848e-16,  8.7307787e-01,\n",
       "           0.0000000e+00, -1.3401860e-16]], dtype=float32)}}"
      ]
     },
     "execution_count": 4,
     "metadata": {},
     "output_type": "execute_result"
    }
   ],
   "source": [
    "result_dict_singular"
   ]
  },
  {
   "cell_type": "code",
   "execution_count": 5,
   "metadata": {},
   "outputs": [],
   "source": [
    "def plot_spike_raster(spike_data, title='Spike Raster Plot', figsize=(12, 8)):\n",
    "    \"\"\"\n",
    "    Create a spike raster plot from spike data\n",
    "    \n",
    "    Parameters:\n",
    "    -----------\n",
    "    spike_data : numpy.ndarray\n",
    "        Spike matrix with shape (N, T) where N is the number of neurons and T is time\n",
    "    title : str, optional\n",
    "        Title of the plot\n",
    "    figsize : tuple, optional\n",
    "        Size of the figure\n",
    "    \n",
    "    Returns:\n",
    "    --------\n",
    "    fig, ax : matplotlib figure and axes objects\n",
    "    \"\"\"\n",
    "    fig, ax = plt.subplots(figsize=figsize)\n",
    "\n",
    "    # Find where spikes occur (non-zero entries)\n",
    "    spike_positions = []\n",
    "    for neuron_idx in range(spike_data.shape[0]):\n",
    "        spike_times = np.where(spike_data[neuron_idx, :] > 0)[0]\n",
    "        if len(spike_times) > 0:\n",
    "            # For each spike time of this neuron, add a point (time, neuron_idx)\n",
    "            spike_positions.append((spike_times, neuron_idx * np.ones_like(spike_times)))\n",
    "\n",
    "    # Plot each neuron's spike times\n",
    "    for times, neurons in spike_positions:\n",
    "        ax.scatter(times, neurons, marker='|', s=100, c='black')\n",
    "\n",
    "    ax.set_xlabel('Neuron index')\n",
    "    ax.set_ylabel('Timestamp')\n",
    "    ax.set_title(title)\n",
    "    ax.set_ylim(-0.5, spike_data.shape[0] + 0.5)\n",
    "    plt.tight_layout()\n",
    "    \n",
    "    return fig, ax\n",
    "\n"
   ]
  },
  {
   "cell_type": "code",
   "execution_count": 6,
   "metadata": {},
   "outputs": [
    {
     "data": {
